65.0
67.0
56.333333333333336
56.666666666666664
56.333333333333336
64.33333333333333
76.33333333333333
70.0
54.333333333333336
55.0
55.666666666666664
68.33333333333333
51.0
55.333333333333336
81.0
47.0
72.66666666666667
64.0
57.333333333333336
63.0
35.666666666666664
52.0
50.666666666666664
94.0
66.0
60.666666666666664
45.666666666666664
69.66666666666667
71.33333333333333
84.0
50.666666666666664
59.333333333333336
68.66666666666667
68.66666666666667
44.333333333333336
77.0
73.66666666666667
73.33333333333333
52.666666666666664
75.66666666666667
55.0
41.0
54.333333333333336
51.333333333333336
43.666666666666664
52.0
76.33333333333333
44.0
69.66666666666667
61.666666666666664
63.666666666666664
51.333333333333336
64.66666666666667
52.0
54.0
75.0
62.333333333333336
65.0
42.666666666666664
64.33333333333333
73.33333333333333
84.0
69.0
51.333333333333336
49.0
67.66666666666667
63.333333333333336
48.0
60.666666666666664
69.33333333333333
64.33333333333333
56.0
69.0
76.66666666666667
55.666666666666664
47.333333333333336
60.333333333333336
55.333333333333336
67.33333333333333
57.333333333333336
65.33333333333333
68.33333333333333
42.666666666666664
56.333333333333336
71.0
74.33333333333333
68.33333333333333
74.0
49.666666666666664
51.333333333333336
63.333333333333336
59.333333333333336
61.333333333333336
45.666666666666664
37.666666666666664
69.33333333333333
61.864583333333336 59.875 61.302083333333336